Date,Tests,Statewide %,Cluster %,Non-cluster %,Statewide cases,7-day Statewide %,7-day Cluster %,7-day Non-cluster %,NYC rolling % - City,7-day NYC rolling % - City,NYC tests,NYC cases,NYC rolling % - State,7-day NYC rolling % - State,Extrapolate Statewide Delta,Extrapolate Cluster Delta (Rand),Extrapolate Non-cluster Delta
10/7/2020,"108,246",1.26%,5.10%,-,"1,360",-,-,-,-,-,"37,573",548,1.46%,-,-,-,-
10/8/2020,"145,811",1.26%,5.80%,1.01%,"1,836",-,-,-,-,-,"56,650",696,1.23%,-,0.00%,0.70%,0.00%
10/9/2020,"139,300",1.14%,5.40%,0.90%,"1,592",-,-,-,-,-,"52,767",624,1.18%,-,-0.12%,-0.40%,-0.11%
10/10/2020,"134,579",1.08%,4.95%,0.96%,"1,447",-,-,-,-,-,"51,461",575,1.12%,-,-0.07%,-0.45%,0.06%
10/11/2020,"118,254",0.97%,5.70%,0.84%,"1,143",-,-,-,-,-,"43,788",469,1.07%,-,-0.11%,0.75%,-0.12%
10/12/2020,"91,793",1.12%,3.70%,1.05%,"1,029",-,-,-,-,1.53%,"35,182",393,1.12%,-,0.15%,-2.00%,0.21%
10/13/2020,"99,070",1.41%,4.13%,1.20%,"1,393",1.17%,4.97%,0.85%,-,-,"42,463",545,1.28%,-,0.29%,0.43%,0.15%
10/14/2020,"111,744",1.10%,6.20%,0.95%,"1,232",1.15%,5.13%,0.99%,-,-,"37,560",464,1.24%,-,-0.30%,2.07%,-0.25%
10/15/2020,"133,212",1.10%,4.84%,0.99%,"1,460",1.12%,4.99%,0.98%,-,-,"51,261",508,0.99%,-,-0.01%,-1.36%,0.04%
10/16/2020,"136,039",1.25%,4.84%,1.14%,"1,707",1.14%,4.91%,1.02%,-,-,"54,557",660,1.21%,1.14%,0.16%,0.00%,0.15%
10/17/2020,"159,972",1.12%,4.34%,1.02%,"1,784",1.15%,4.82%,1.03%,-,-,"67,573",806,1.19%,1.16%,-0.14%,-0.50%,-0.12%
10/18/2020,"128,763",1.08%,3.19%,1.00%,"1,390",1.16%,4.46%,1.05%,-,-,"56,960",612,1.07%,1.15%,-0.04%,-1.15%,-0.02%
10/19/2020,"82,009",1.22%,3.31%,1.13%,998,1.17%,4.41%,1.06%,-,-,"32,502",419,1.29%,1.17%,0.14%,0.12%,0.13%
10/20/2020,"90,540",1.33%,2.91%,1.25%,"1,201",1.16%,4.23%,1.07%,-,-,"32,901",436,1.33%,1.17%,0.11%,-0.40%,0.12%
10/21/2020,"124,789",1.62%,6.61%,1.42%,"2,026",1.24%,4.29%,1.14%,1.56%,-,"51,903",839,1.62%,1.23%,0.30%,3.70%,0.17%
10/22/2020,"135,341",1.20%,3.20%,0.96%,"1,628",1.25%,4.06%,1.13%,-,-,"47,546",530,1.11%,1.25%,-0.42%,-3.41%,-0.46%
10/23/2020,"141,508",1.16%,2.31%,0.98%,"1,637",1.24%,3.70%,1.11%,-,-,"56,599",571,1.01%,1.22%,-0.05%,-0.89%,0.02%
10/24/2020,"156,940",1.31%,2.58%,1.13%,"2,061",1.27%,3.44%,1.12%,-,-,"60,543",755,1.25%,1.23%,0.16%,0.27%,0.15%
10/25/2020,"120,829",1.35%,3.18%,1.06%,"1,632",1.31%,3.44%,1.13%,-,-,"47,770",653,1.37%,1.27%,0.04%,0.60%,-0.07%
10/26/2020,"82,117",1.45%,3.25%,1.18%,"1,191",1.34%,3.43%,1.14%,-,-,"31,367",424,1.35%,1.28%,0.10%,0.07%,0.12%
10/27/2020,"111,618",1.78%,3.65%,1.53%,"1,991",1.39%,3.54%,1.18%,-,-,"43,286",731,1.69%,1.33%,0.33%,0.40%,0.35%
10/28/2020,"129,660",1.57%,3.78%,1.37%,"2,031",1.39%,3.14%,1.17%,-,-,"52,496",837,1.59%,1.33%,-0.22%,0.13%,-0.16%
10/29/2020,"168,353",1.48%,3.24%,1.25%,"2,499",1.43%,3.14%,1.21%,-,-,"70,453","1,060",1.50%,1.39%,-0.08%,-0.54%,-0.12%
10/30/2020,"146,885",1.54%,2.75%,1.38%,"2,255",1.49%,3.20%,1.27%,-,1.57%,"57,765",903,1.56%,1.47%,0.05%,-0.49%,0.13%
10/31/2020,"136,962",1.50%,3.01%,1.30%,"2,049",1.52%,3.27%,1.30%,2.08%,1.81%,"51,890",699,1.35%,1.49%,-0.04%,0.26%,-0.08%
11/1/2020,"148,935",1.51%,3.10%,1.36%,"2,255",1.54%,3.25%,1.34%,-,-,"65,619",946,1.44%,1.50%,0.02%,0.09%,0.06%
11/2/2020,"96,101",1.70%,3.50%,1.49%,"1,633",1.57%,3.29%,1.38%,-,-,"41,730",641,1.54%,1.52%,0.19%,0.40%,0.13%
11/3/2020,"127,869",1.82%,2.63%,1.71%,"2,321",1.58%,3.14%,1.41%,-,1.59%,"53,036",802,1.51%,1.50%,0.12%,-0.87%,0.22%
11/4/2020,"133,534",1.59%,2.69%,1.42%,"2,126",1.58%,2.99%,1.42%,1.81%,1.74%,"60,702",795,1.31%,1.46%,-0.22%,0.06%,-0.29%
11/5/2020,"161,019",1.86%,3.04%,1.70%,"2,997",1.64%,2.96%,1.48%,-,1.81%,"64,902","1,067",1.64%,1.48%,0.27%,0.35%,0.28%
11/6/2020,"160,705",2.00%,3.16%,1.84%,"3,209",1.72%,3.02%,1.55%,-,1.96%,"63,299","1,203",1.90%,1.53%,0.14%,0.12%,0.14%
11/7/2020,"163,291",2.20%,4.22%,2.01%,"3,587",1.83%,3.19%,1.65%,-,-,"63,016","1,165",1.85%,1.61%,0.20%,1.06%,0.17%
11/8/2020,"145,642",2.35%,3.70%,2.23%,"3,428",1.95%,3.28%,1.77%,-,-,"64,371","1,391",2.16%,1.72%,0.16%,-0.52%,0.22%
11/9/2020,"111,416",2.82%,4.32%,2.69%,"3,144",2.07%,3.39%,1.94%,2.61%,2.21%,"45,857","1,156",2.52%,1.83%,0.47%,0.62%,0.46%
11/10/2020,"128,036",3.10%,5.59%,2.56%,"3,965",2.24%,3.82%,2.06%,-,2.31%,"49,942","1,208",2.42%,1.94%,0.27%,1.27%,-0.13%
11/11/2020,"164,300",2.93%,4.96%,2.58%,"4,820",2.43%,4.14%,2.23%,-,2.52%,"61,053","1,731",2.84%,2.16%,-0.16%,-0.63%,0.02%
11/12/2020,"162,627",2.95%,4.86%,2.53%,"4,797",2.60%,4.40%,2.35%,0.32%,2.60%,"68,146","1,662",2.44%,2.29%,0.02%,-0.10%,-0.05%
11/13/2020,"203,721",2.65%,4.58%,2.29%,"5,401",2.70%,4.60%,2.41%,0.30%,2.83%,"74,221","1,826",2.46%,2.38%,-0.30%,-0.28%,-0.24%
11/14/2020,"184,162",2.93%,4.83%,2.57%,"5,388",2.81%,4.69%,2.49%,2.47%,2.47%,"72,792","1,797",2.47%,2.47%,0.27%,0.25%,0.28%
11/15/2020,"133,202",2.74%,4.05%,2.45%,"3,649",2.87%,4.74%,2.52%,3.20%,2.57%,"65,235","1,457",2.23%,2.48%,-0.19%,-0.78%,-0.12%
11/16/2020,"124,565",2.80%,4.19%,2.50%,"3,490",2.86%,4.72%,2.50%,1.68%,2.77%,"56,374","1,285",2.28%,2.45%,0.06%,0.14%,0.05%
11/17/2020,"159,852",3.18%,4.89%,2.82%,"5,088",2.88%,4.62%,2.53%,2.93%,2.74%,"66,042","1,934",2.93%,2.52%,0.38%,0.70%,0.32%
11/18/2020,"154,434",3.43%,4.73%,3.10%,"5,294",2.95%,4.59%,2.61%,3.07%,3.00%,"58,371","1,747",2.99%,2.54%,0.25%,-0.16%,0.28%
11/19/2020,"195,239",2.72%,4.11%,2.38%,"5,310",2.91%,4.48%,2.59%,2.39%,3.01%,"77,387","1,847",2.39%,2.53%,-0.71%,-0.62%,-0.72%
11/20/2020,"205,466",2.66%,4.55%,2.15%,"5,468",2.91%,4.48%,2.57%,2.42%,3.02%,"83,661","2,021",2.42%,2.52%,-0.06%,0.44%,-0.23%
11/21/2020,"207,909",2.87%,4.34%,2.49%,"5,973",2.90%,4.41%,2.56%,2.58%,3.11%,"75,485","1,945",2.58%,2.54%,0.21%,-0.21%,0.34%
11/22/2020,"196,608",2.74%,4.39%,2.29%,"5,391",2.89%,4.46%,2.53%,2.35%,3.09%,"82,218","1,930",2.35%,2.54%,-0.13%,0.05%,-0.20%
11/23/2020,"191,489",3.08%,4.48%,2.73%,"5,906",2.93%,4.50%,2.57%,2.54%,3.06%,"70,230","1,782",2.54%,2.57%,0.34%,0.09%,0.44%
11/24/2020,"164,761",2.96%,4.13%,2.62%,"4,881",2.90%,4.39%,2.54%,2.53%,3.17%,"68,379","1,728",2.53%,2.52%,-0.12%,-0.35%,-0.11%
11/25/2020,"173,085",3.62%,5.28%,3.04%,"6,265",2.94%,4.47%,2.53%,3.30%,3.05%,"71,042","1,916",2.70%,2.49%,0.66%,1.15%,0.42%
11/26/2020,"217,721",3.18%,4.90%,2.68%,"6,933",3.01%,4.58%,2.57%,2.44%,3.19%,"95,449","2,331",2.44%,2.50%,-0.44%,-0.38%,-0.36%
11/27/2020,"219,442",3.73%,5.69%,3.13%,"8,176",3.17%,4.74%,2.71%,2.78%,3.33%,"91,975","2,558",2.78%,2.56%,0.54%,0.79%,0.45%
11/28/2020,"152,355",3.98%,5.65%,3.45%,"6,063",3.32%,4.93%,2.85%,2.99%,3.64%,"70,332","2,101",2.99%,2.61%,0.25%,-0.04%,0.32%
11/29/2020,"157,320",4.27%,5.83%,3.75%,"6,723",3.52%,5.14%,3.06%,3.40%,3.90%,"67,429","2,294",3.40%,2.75%,0.29%,0.18%,0.30%
11/30/2020,"148,974",4.58%,6.22%,4.02%,"6,819",3.72%,5.39%,3.24%,3.96%,4.03%,"63,194","2,504",3.96%,2.92%,0.30%,0.39%,0.27%
12/1/2020,"146,675",4.97%,6.27%,4.46%,"7,285",3.97%,5.69%,3.50%,4.12%,4.14%,"62,382","2,569",4.12%,3.12%,0.39%,0.05%,0.44%
12/2/2020,"193,551",4.64%,5.88%,4.21%,"8,973",4.12%,5.78%,3.67%,4.27%,4.80%,"74,894","3,198",4.27%,3.34%,-0.33%,-0.39%,-0.25%
12/3/2020,"203,440",4.84%,5.91%,4.49%,"9,855",4.41%,5.92%,3.93%,4.06%,5.19%,"81,397","3,307",4.06%,3.62%,0.21%,0.03%,0.28%
12/4/2020,"208,297",5.41%,7.35%,4.79%,"11,271",4.71%,6.16%,4.17%,4.29%,5.43%,"83,790","3,597",4.29%,3.89%,0.57%,1.44%,0.30%
12/5/2020,"215,401",5.00%,6.17%,4.59%,"10,761",4.84%,6.23%,4.33%,3.83%,5.00%,"84,365","3,229",3.83%,4.00%,-0.42%,-1.18%,-0.20%
12/6/2020,"205,832",4.71%,6.22%,4.24%,"9,702",4.89%,6.29%,4.40%,3.62%,5.12%,"86,356","3,127",3.62%,4.01%,-0.28%,0.05%,-0.35%
12/7/2020,"152,287",4.79%,6.57%,4.27%,"7,302",4.92%,6.34%,4.44%,4.19%,4.98%,"65,994","2,765",4.19%,4.04%,0.08%,0.35%,0.03%
12/8/2020,"162,464",5.75%,7.20%,5.22%,"9,335",5.01%,6.47%,4.54%,4.74%,4.94%,"73,023","3,461",4.74%,4.13%,0.95%,0.63%,0.95%
12/9/2020,"194,595",5.45%,7.08%,4.86%,"10,600",5.13%,6.64%,4.64%,4.12%,4.81%,"90,731","3,742",4.12%,4.11%,-0.30%,-0.20%,-0.30%
12/10/2020,"197,406",5.16%,6.95%,4.57%,"10,178",5.17%,6.79%,4.65%,4.02%,5.32%,"83,836","3,370",4.02%,4.10%,-0.29%,-0.13%,-0.29%
12/11/2020,"212,672",4.98%,6.82%,4.55%,"10,595",5.11%,6.72%,4.61%,3.84%,5.35%,"87,067","3,347",3.84%,4.03%,-0.17%,-0.15%,-0.17%
12/12/2020,"242,927",4.58%,6.49%,4.15%,"11,129",5.03%,6.76%,4.55%,3.66%,6.26%,"108,902","3,983",3.66%,3.99%,-0.40%,-0.33%,-0.40%
12/13/2020,"205,250",4.97%,6.71%,4.53%,"10,194",5.07%,6.83%,4.59%,3.76%,5.53%,"89,875","3,378",3.76%,4.01%,0.39%,0.22%,0.39%
12/14/2020,"159,844",5.66%,7.08%,5.21%,"9,044",5.17%,6.90%,4.73%,4.45%,5.50%,"68,053","3,029",4.45%,4.04%,0.69%,0.39%,0.69%
12/15/2020,"194,188",5.33%,6.86%,4.88%,"10,353",5.12%,6.86%,4.68%,4.56%,5.51%,"90,883","4,146",4.56%,4.04%,-0.33%,-0.22%,-0.33%
12/16/2020,"160,947",6.21%,7.11%,5.86%,"9,998",5.21%,6.86%,4.82%,4.99%,5.71%,"70,752","3,531",4.99%,4.14%,0.88%,0.55%,0.88%
12/17/2020,"202,772",5.38%,6.56%,5.03%,"10,914",5.24%,6.80%,4.89%,4.19%,6.00%,"86,500","3,627",4.19%,4.16%,-0.83%,-0.55%,-0.83%
12/18/2020,"249,385",5.09%,6.47%,4.60%,"12,697",5.25%,6.75%,4.90%,3.82%,6.16%,"117,665","4,499",3.82%,4.14%,-0.29%,-0.26%,-0.29%
12/19/2020,"191,476",5.18%,6.46%,4.69%,"9,919",5.36%,6.75%,4.97%,4.10%,6.22%,"81,520","3,345",4.10%,4.22%,0.09%,-0.01%,0.09%
12/20/2020,"197,251",5.05%,6.37%,4.56%,"9,957",5.38%,6.70%,4.98%,3.85%,6.25%,"84,351","3,244",3.85%,4.24%,-0.13%,-0.09%,-0.13%
12/21/2020,"156,510",5.75%,7.16%,5.28%,"9,007",5.39%,6.71%,4.99%,4.79%,6.05%,"69,734","3,338",4.79%,4.28%,0.71%,0.47%,0.71%
12/22/2020,"164,868",5.89%,6.81%,5.58%,"9,716",5.46%,6.71%,5.09%,4.87%,5.88%,"70,925","3,456",4.87%,4.31%,0.14%,-0.35%,0.30%
12/23/2020,"204,361",5.84%,7.09%,5.37%,"11,937",5.43%,6.70%,5.02%,4.64%,6.19%,"94,232","4,373",4.64%,4.28%,-0.05%,0.28%,-0.21%
12/24/2020,"226,296",5.55%,6.90%,5.08%,"12,568",5.45%,6.75%,5.02%,4.55%,6.29%,"102,392","4,662",4.55%,4.34%,-0.29%,-0.19%,-0.29%
12/25/2020,"226,560",5.49%,6.93%,5.02%,"12,446",5.53%,6.82%,5.08%,4.49%,6.69%,"92,987","4,171",4.49%,4.46%,-0.06%,0.03%,-0.06%
12/26/2020,"201,442",5.36%,6.91%,4.89%,"10,806",5.55%,6.88%,5.11%,4.27%,6.78%,"92,540","3,949",4.27%,4.48%,-0.13%,-0.02%,-0.13%
12/27/2020,"130,299",5.85%,7.30%,5.38%,"7,623",5.66%,7.01%,5.23%,5.24%,7.07%,"54,260","2,842",5.24%,4.64%,0.49%,0.39%,0.49%
12/28/2020,"124,866",8.33%,9.66%,7.83%,"10,407",5.90%,7.37%,5.59%,6.72%,7.24%,"52,412","3,523",6.72%,4.82%,2.48%,1.65%,2.48%
12/29/2020,"160,164",7.14%,8.80%,6.64%,"11,438",6.06%,7.66%,5.74%,5.86%,7.45%,"77,989","4,570",5.86%,4.96%,-1.19%,-0.86%,-1.19%
12/30/2020,"154,949",8.66%,9.47%,8.36%,"13,422",6.43%,8.00%,6.17%,7.14%,7.93%,"65,921","4,710",7.14%,5.28%,1.52%,0.94%,1.52%
12/31/2020,"216,587",7.76%,8.87%,7.46%,"16,802",6.83%,8.28%,6.51%,6.40%,8.87%,"93,660","5,993",6.40%,5.62%,-0.90%,-0.60%,-0.90%
1/1/2021,"219,253",7.52%,8.75%,7.22%,"16,497",7.20%,8.54%,6.83%,5.82%,9.41%,"90,990","5,293",5.82%,5.85%,-0.23%,-0.12%,-0.23%
1/2/2021,"202,446",7.45%,8.70%,7.14%,"15,074",7.55%,8.79%,7.15%,6.06%,9.39%,"86,300","5,228",6.06%,6.17%,-0.08%,-0.05%,-0.08%
1/3/2021,"142,345",7.99%,9.12%,7.68%,"11,368",7.78%,9.05%,7.48%,5.94%,9.08%,"56,265","3,340",5.94%,6.24%,0.54%,0.43%,0.54%
1/4/2021,"134,360",8.34%,9.85%,7.78%,"11,209",7.79%,9.08%,7.47%,6.70%,9.00%,"55,641","3,726",6.70%,6.24%,0.36%,0.30%,0.36%
1/5/2021,"152,402",8.31%,8.85%,8.12%,"12,666",7.94%,9.09%,7.68%,6.89%,9.03%,"70,618","4,863",6.89%,6.38%,-0.03%,-1.00%,0.34%
1/6/2021,"197,816",8.42%,9.14%,8.13%,"16,648",7.92%,9.04%,7.65%,7.06%,9.25%,"79,677","5,623",7.06%,6.39%,0.10%,0.29%,0.01%
1/7/2021,"238,550",7.39%,7.77%,7.26%,"17,636",7.85%,8.88%,7.62%,6.32%,9.21%,"100,998","6,387",6.32%,6.38%,-1.02%,-1.37%,-0.87%
1/8/2021,"243,903",7.72%,8.32%,7.49%,"18,832",7.88%,8.82%,7.66%,6.10%,9.38%,"103,022","6,284",6.10%,6.42%,0.33%,0.55%,0.23%
1/9/2021,"258,031",6.57%,7.62%,6.34%,"16,943",7.70%,8.67%,7.54%,5.35%,-,"112,890","6,044",5.35%,6.26%,-1.15%,-0.70%,-1.15%
1/10/2021,"246,836",6.22%,7.46%,5.99%,"15,355",7.43%,8.43%,7.30%,4.85%,8.77%,"109,654","5,319",4.85%,6.05%,-0.35%,-0.16%,-0.35%
1/11/2021,"203,904",6.73%,7.76%,6.49%,"13,714",7.25%,8.13%,7.12%,5.71%,8.18%,"92,613","5,290",5.71%,5.95%,0.50%,0.30%,0.50%
1/12/2021,"196,671",7.74%,8.43%,7.50%,"15,214",7.21%,8.07%,7.03%,6.82%,8.15%,"87,852","5,994",6.82%,5.96%,1.01%,0.67%,1.01%
1/13/2021,"196,868",7.40%,8.21%,7.17%,"14,577",7.08%,7.94%,6.89%,6.66%,8.39%,"87,439","5,822",6.66%,5.92%,-0.33%,-0.22%,-0.33%
1/14/2021,"212,589",6.43%,7.56%,6.19%,"13,661",6.95%,7.91%,6.74%,5.64%,8.53%,"94,938","5,359",5.64%,5.83%,-0.98%,-0.65%,-0.98%
1/15/2021,"324,671",6.14%,7.44%,5.91%,"19,942",6.67%,7.78%,6.51%,5.39%,8.70%,"143,254","7,725",5.39%,5.70%,-0.28%,-0.12%,-0.28%
1/16/2021,"277,286",5.77%,7.16%,5.54%,"15,998",6.54%,7.72%,6.40%,5.11%,8.60%,"123,775","6,321",5.11%,5.66%,-0.37%,-0.28%,-0.37%
1/17/2021,"246,507",5.62%,7.03%,5.38%,"13,842",6.45%,7.66%,6.31%,5.10%,-,"112,690","5,751",5.10%,5.69%,-0.15%,-0.14%,-0.15%
1/18/2021,"186,205",6.54%,7.57%,6.31%,"12,185",6.42%,7.63%,6.29%,6.00%,8.29%,"87,093","5,228",6.00%,5.73%,0.93%,0.55%,0.93%
1/19/2021,"177,269",7.06%,7.85%,6.83%,"12,512",6.34%,7.55%,6.19%,6.29%,8.23%,"85,054","5,350",6.29%,5.66%,0.51%,0.27%,0.51%
1/20/2021,"195,409",6.84%,7.74%,6.61%,"13,364",6.27%,7.48%,6.11%,6.90%,8.53%,"95,536","6,594",6.90%,5.70%,-0.22%,-0.11%,-0.22%
1/21/2021,"224,569",6.18%,7.23%,5.95%,"13,886",6.23%,7.43%,6.08%,5.89%,8.83%,"88,272","5,198",5.89%,5.73%,-0.66%,-0.50%,-0.66%
1/22/2021,"268,001",5.65%,6.95%,5.42%,"15,144",6.15%,7.36%,6.01%,5.22%,9.03%,"120,905","6,307",5.22%,5.71%,-0.53%,-0.29%,-0.53%
1/23/2021,"262,106",5.26%,6.72%,5.03%,"13,786",6.07%,7.30%,5.93%,5.08%,9.00%,"115,459","5,860",5.08%,5.71%,-0.39%,-0.23%,-0.39%
1/24/2021,"249,955",5.09%,6.61%,4.86%,"12,720",5.99%,7.24%,5.86%,4.90%,8.82%,"117,614","5,760",4.90%,5.68%,-0.17%,-0.11%,-0.17%
1/25/2021,"219,538",5.47%,6.86%,5.24%,"12,003",5.85%,7.14%,5.70%,5.20%,8.44%,"109,583","5,695",5.20%,5.57%,0.38%,0.25%,0.38%
1/26/2021,"162,938",6.79%,7.74%,6.56%,"11,064",5.81%,7.12%,5.67%,6.73%,8.40%,"75,466","5,081",6.73%,5.60%,1.32%,0.88%,1.32%
